1.974592279590130944e+18 7.222586077381591040e+17 4.762154998013979200e+16 9.701644525382598000e+15 6.466164044871326000e+15
1.157716438809577000e+16 1.761201915676731600e+16 5.965442267707024000e+16 7.107291677305703680e+17 1.998301355624636416e+18
1.563750262753721920e+17 1.576256042046375424e+18 1.758755121837958144e+18 1.909712440178676480e+18 1.449397102704608000e+17
3.230858327879143680e+17 1.951455210162319104e+18 1.069902446315588224e+18 1.316388670375396096e+18 1.419723312747875840e+17
9.696171697501116160e+17 1.746240450775844864e+18 8.951432306222690560e+17 9.303919375007964160e+17 2.369024191603981440e+17
8.515744358688686080e+17 5.912812321550561280e+17 6.085565024376189440e+17 1.437541919416712704e+18 5.744055090443240960e+17
4.097813627038856960e+17 4.813069628051847680e+17 1.841567630541599040e+17 5.521351117169000320e+17 1.596877916836559872e+18
6.805418995805280000e+17 1.075880192453249024e+18 5.160929807015723520e+17 8.813661056120821760e+17 5.439705644687020160e+17
1.927211502142108160e+17 1.572076603590952192e+18 1.772211974136254464e+18 1.580102662912039936e+18 1.805750332976081600e+17
3.480002013860999040e+17 2.080154999077596928e+18 9.886977773936313600e+17 1.329087535493127680e+18 2.059309488629587200e+17
