# Lever arm matrix (rows: eigenstates, columns: gates/leads)
3.163645584391810983e-01 1.157185854911829681e-01 7.629813398634144837e-03 1.554374803411899585e-03 1.035993685377746987e-03
1.854866210850364882e-03 2.821756532396471010e-03 9.557692129279975191e-03 1.138713655689978371e-01 3.201631711696097948e-01
2.505404110502870360e-02 2.525440577700439615e-01 2.817836336514027984e-01 3.059696622577424141e-01 2.322190151049061818e-02
5.176405675460258454e-02 3.126575912699254278e-01 1.714172685167640597e-01 2.109087150508346387e-01 2.274647498553594716e-02
1.553497959724200184e-01 2.797785623131319732e-01 1.434177555654267688e-01 1.490652209700277231e-01 3.795595172002299428e-02
1.364372651338790765e-01 9.473369660036232154e-02 9.750150001545261624e-02 2.303196053559381229e-01 9.202990769900146195e-02
6.565421186359056416e-02 7.711387628496767233e-02 2.950516601802548322e-02 8.846179670739053036e-02 2.558480463349840917e-01
1.090348320438309926e-01 1.723750090269696167e-01 8.268721074261704829e-02 1.412104168072128851e-01 8.715369203599571124e-02
3.087733210527165637e-02 2.518744379122431765e-01 2.839396590645151819e-01 2.531603543717411697e-01 2.893130965051493239e-02
5.575577864161009034e-02 3.332775705498247643e-01 1.584068463186040776e-01 2.129432975300509512e-01 3.299377516026480439e-02
