9.083828359453872958e-02
9.084070545760575266e-02
9.084070545760576654e-02
9.084070545760579429e-02
9.557877176778170614e-02
9.557877176778170614e-02
9.557877176778174777e-02
9.558741129173335682e-02
9.595132451438576071e-02
9.595132451438580234e-02
9.595132451438581622e-02
9.595349699888944262e-02
9.882034594536559524e-02
9.888212444847892246e-02
1.001211418909457029e-01
1.001211418909457446e-01
1.001211418909457584e-01
1.001511098319173565e-01
1.001511098319174259e-01
1.001511098319175092e-01
1.006190038125367170e-01
1.006190038125368419e-01
1.006190038125369252e-01
1.006749083091790092e-01
1.007530435321800089e-01
1.007530435321800089e-01
1.007530435321800505e-01
1.012184994441962527e-01
1.012184994441962665e-01
1.012184994441963221e-01
1.013507226495381636e-01
1.016788355076334721e-01
1.024905357201366107e-01
1.024905357201366524e-01
1.024905357201366524e-01
1.024959063375476681e-01
1.026079880088945628e-01
1.026079880088945767e-01
1.026079880088946183e-01
1.026103143296607373e-01
1.055294634111621777e-01
1.057325328624214300e-01
1.057325328624214716e-01
1.057325328624214855e-01
1.059181645768554614e-01
1.059843378219805926e-01
1.059843378219806204e-01
1.059843378219806204e-01
1.067371179255311581e-01
1.067371179255311719e-01
1.067371179255312691e-01
1.069881375500143367e-01
1.069881375500143644e-01
1.069881375500143922e-01
1.072708736456547685e-01
1.072718649802244656e-01
1.072718649802245627e-01
1.072718649802246738e-01
1.077182559694638830e-01
1.077182559694638830e-01
1.077182559694639524e-01
1.077339378837288281e-01
1.085832794479286989e-01
1.085832794479287544e-01
1.085832794479288932e-01
1.086152746157770799e-01
1.086152746157771770e-01
1.086152746157771909e-01
1.092390302152255049e-01
1.093143333668484124e-01
1.097580969715990090e-01
1.098106930074425197e-01
1.114687940104425040e-01
1.114687940104425179e-01
1.114687940104425595e-01
1.116628610329930132e-01
1.116628610329930410e-01
1.116628610329931381e-01
1.118012325971375759e-01
1.118175485004155173e-01
1.124770787465653454e-01
1.124770787465654009e-01
1.124770787465654287e-01
1.125837733893748499e-01
1.125837733893748499e-01
1.125837733893749193e-01
1.127098841064240187e-01
1.127578792811266412e-01
1.128935795493987843e-01
1.128935795493987843e-01
1.128935795493988120e-01
1.129253319828781299e-01
1.129253319828782687e-01
1.129253319828783381e-01
1.130777877399390813e-01
1.130777877399391368e-01
1.130777877399391645e-01
1.134123038052760046e-01
1.140518240564573627e-01
1.141991389053274297e-01
1.142525765236303975e-01
1.142525765236304114e-01
1.142525765236304808e-01
1.142765538044883122e-01
1.172784253587800529e-01
1.174395606626865707e-01
1.183000280186655567e-01
1.183000280186655706e-01
1.183000280186655984e-01
1.184867588087505919e-01
1.184867588087506057e-01
1.184867588087507168e-01
1.197047556661504780e-01
1.210600960244314905e-01
1.210879156459649664e-01
1.213153238337005696e-01
1.220628962265285639e-01
1.221027108239692710e-01
1.263791521783809435e-01
1.266859561690978353e-01
