# distance (nm) n p phi
0.000000000000000000e+00 3.180620509294050198e-35 1.981002232730682680e-70 5.127463402238658929e-01
6.190804126586021972e-02 2.842827657634239940e-35 2.249224293397852839e-70 5.096543418967276473e-01
6.190804126586021972e-02 2.842827657634239940e-35 2.249224293397852839e-70 5.096543418967276473e-01
1.196317399324235975e-01 2.528211867993627932e-35 2.498948085408812178e-70 5.067750099197563252e-01
1.196317399324235975e-01 2.528211867993627932e-35 2.498948085408812499e-70 5.067750099197563252e-01
1.238160825317209945e-01 2.505403561677555142e-35 2.517053860137699560e-70 5.065662609103436242e-01
1.238160825317209945e-01 2.505403561677555677e-35 2.517053860137700203e-70 5.065662609103436242e-01
1.265873194559443138e-01 2.492715152412556364e-35 2.533232538571413511e-70 5.064191974024304654e-01
1.265873194559443138e-01 2.492715152412556364e-35 2.533232538571413189e-70 5.064191974024304654e-01
1.922180340120592801e-01 2.192168748302412660e-35 2.916472355813109738e-70 5.029356399392356236e-01
1.922180340120592801e-01 2.192168748302412393e-35 2.916472355813109095e-70 5.029356399392355126e-01
2.058179003996488399e-01 2.129845144982450010e-35 2.996008662023189101e-70 5.022129783287316851e-01
2.058179003996488399e-01 2.129845144982450010e-35 2.996008662023189744e-70 5.022129783287316851e-01
2.658202968574782665e-01 1.875466809988198554e-35 3.371117273641358941e-70 4.990478185221788876e-01
2.658202968574782665e-01 1.875466809988198287e-35 3.371117273641358298e-70 4.990478185221788876e-01
3.247820944031333257e-01 1.677726994104281636e-35 3.891776404892000210e-70 4.957705935182782353e-01
3.247820944031333257e-01 1.677726994104282171e-35 3.891776404892000210e-70 4.957705935182783463e-01
3.707023575319298159e-01 1.523745305378798996e-35 4.297378806019755025e-70 4.932180059743719314e-01
3.707023575319298159e-01 1.523745305378798996e-35 4.297378806019755025e-70 4.932180059743719314e-01
4.262252077194997879e-01 1.337590170883634937e-35 4.788235975408880147e-70 4.901305958295966714e-01
4.262252077194997879e-01 1.337590170883634937e-35 4.788235975408880790e-70 4.901305958295966714e-01
4.689324159521446878e-01 1.209850184787738314e-35 5.216694772339778804e-70 4.877369920623438881e-01
4.689324159521446878e-01 1.209850184787738581e-35 5.216694772339780734e-70 4.877369920623438881e-01
5.233892834307725117e-01 1.075699531150479603e-35 5.997639327435102588e-70 4.844150149727062260e-01
5.233892834307725117e-01 1.075699531150479603e-35 5.997639327435102588e-70 4.844150149727062260e-01
6.510836407046767249e-01 7.976088692885027351e-36 8.061002993495858317e-70 4.767252225150919731e-01
6.510836407046767249e-01 7.976088692885027351e-36 8.061002993495855743e-70 4.767252225150918621e-01
6.518490797022561400e-01 7.959398456680578036e-36 8.073427150143952730e-70 4.766789990557768197e-01
6.518490797022561400e-01 7.959398456680578036e-36 8.073427150143951443e-70 4.766789990557767087e-01
7.188451792384514816e-01 6.748561513154247222e-36 9.343487900888830754e-70 4.726576523680745545e-01
7.188451792384514816e-01 6.748561513154245886e-36 9.343487900888832041e-70 4.726576523680746100e-01
8.204401944787570455e-01 5.495193399229663343e-36 1.289497230963446131e-69 4.659337178064754115e-01
8.204401944787570455e-01 5.495193399229663343e-36 1.289497230963446131e-69 4.659337178064754115e-01
8.594225896192261294e-01 5.015347344676196185e-36 1.425639026001756931e-69 4.633575831415547852e-01
8.594225896192261294e-01 5.015347344676197521e-36 1.425639026001757188e-69 4.633575831415548407e-01
9.999999999999997780e-01 3.288751790719435894e-36 1.915868630244000558e-69 4.540841952866511710e-01
9.999999999999997780e-01 2.775480106479676073e+23 1.539682247928870618e+08 4.540841952866511710e-01
1.126915158612262102e+00 2.526246061458374410e+23 1.709248567885996103e+08 4.515159765323450980e-01
1.126915158612262102e+00 2.526246061458374745e+23 1.709248567885995805e+08 4.515159765323450425e-01
1.253189554626791713e+00 2.277693926883282156e+23 1.878547431656554937e+08 4.489533512907257773e-01
1.253189554626791713e+00 2.277693926883281821e+23 1.878547431656554639e+08 4.489533512907257773e-01
1.253830317224525537e+00 2.276436293081966565e+23 1.879403495713145733e+08 4.489403888986597257e-01
1.253830317224525537e+00 2.276436293081966901e+23 1.879403495713145733e+08 4.489403888986597257e-01
1.347325123813026604e+00 2.129435214847192408e+23 2.012974322356440425e+08 4.471886169080293572e-01
1.347325123813026604e+00 2.129435214847192743e+23 2.012974322356441021e+08 4.471886169080294682e-01
1.366312504857657872e+00 2.099287898698147147e+23 2.040376108063661158e+08 4.468293082625962587e-01
1.366312504857657872e+00 2.099287898698146812e+23 2.040376108063660860e+08 4.468293082625961476e-01
1.469804826934704600e+00 1.962145007615414601e+23 2.186135736687043607e+08 4.450628865737188411e-01
1.469804826934704600e+00 1.962145007615414601e+23 2.186135736687043309e+08 4.450628865737187301e-01
1.488036139317344020e+00 1.937985097000596202e+23 2.211818747241777480e+08 4.447516704688745937e-01
1.488036139317344020e+00 1.937985097000596202e+23 2.211818747241777182e+08 4.447516704688745937e-01
1.493757483001109998e+00 1.930347953832517372e+23 2.219932930447795987e+08 4.446533213554477726e-01
1.493757483001109998e+00 1.930347953832518044e+23 2.219932930447796881e+08 4.446533213554479946e-01
1.574487614482158682e+00 1.836977055427974587e+23 2.327866740415852070e+08 4.433980399249803916e-01
1.574487614482158682e+00 1.836977055427974587e+23 2.327866740415851772e+08 4.433980399249803916e-01
1.666571222695114596e+00 1.753558710107371764e+23 2.448717423975908160e+08 4.421430935582019162e-01
1.666571222695114596e+00 1.753558710107372100e+23 2.448717423975908160e+08 4.421430935582019162e-01
1.749570166322374165e+00 1.678900708222110521e+23 2.556823798877428770e+08 4.410202004801597742e-01
1.749570166322374165e+00 1.678900708222110521e+23 2.556823798877428472e+08 4.410202004801597742e-01
1.822589326748042193e+00 1.617712670953225071e+23 2.644000717018257976e+08 4.401072926137435948e-01
1.822589326748042193e+00 1.617712670953225742e+23 2.644000717018258572e+08 4.401072926137437058e-01
1.867458467228551910e+00 1.590259550780474303e+23 2.691557739131852388e+08 4.396556107482144649e-01
1.867458467228551910e+00 1.590259550780473632e+23 2.691557739131852388e+08 4.396556107482143538e-01
1.949660581033683782e+00 1.548869942207632806e+23 2.765641893355411291e+08 4.389632857843664970e-01
1.949660581033683782e+00 1.548869942207632806e+23 2.765641893355411887e+08 4.389632857843664970e-01
2.076853979100651948e+00 1.485009413071141622e+23 2.880213412678701282e+08 4.378938486187889945e-01
2.076853979100651948e+00 1.485009413071141958e+23 2.880213412678701878e+08 4.378938486187891055e-01
2.080909930234784433e+00 1.483716377538757059e+23 2.882857909602822065e+08 4.378707271501699472e-01
2.080909930234784433e+00 1.483716377538756556e+23 2.882857909602820277e+08 4.378707271501697806e-01
2.204799670842694237e+00 1.444366710310953015e+23 2.963341369497916698e+08 4.371670684173940558e-01
2.204799670842694237e+00 1.444366710310952847e+23 2.963341369497916698e+08 4.371670684173940002e-01
2.282224671785373360e+00 1.419737522998910365e+23 3.013777129282284975e+08 4.367263791305926457e-01
2.282224671785373360e+00 1.419737522998910197e+23 3.013777129282284379e+08 4.367263791305925902e-01
2.332720835777574386e+00 1.408672884197464075e+23 3.036416303384137154e+08 4.365284720547105701e-01
2.332720835777574386e+00 1.408672884197464578e+23 3.036416303384138346e+08 4.365284720547107367e-01
2.413953180453467517e+00 1.403538971001001198e+23 3.047445995148419142e+08 4.364343730335346616e-01
2.413953180453467517e+00 1.403538971001000863e+23 3.047445995148417950e+08 4.364343730335345506e-01
2.461077709010216275e+00 1.403363369570207646e+23 3.047842445968744159e+08 4.364310728017666285e-01
2.461077709010216275e+00 1.403363369570208150e+23 3.047842445968744159e+08 4.364310728017667951e-01
2.589484683784087249e+00 1.403095918418542838e+23 3.048470268995629549e+08 4.364259445160761919e-01
2.589484683784087249e+00 1.403095918418543006e+23 3.048470268995630741e+08 4.364259445160761919e-01
2.699027074219616296e+00 1.419685010151437742e+23 3.013615115246153474e+08 4.367266362868222895e-01
2.699027074219616296e+00 1.419685010151437742e+23 3.013615115246153474e+08 4.367266362868222895e-01
2.717906445486824030e+00 1.424336083227887985e+23 3.003900183428205252e+08 4.368106884906554077e-01
2.717906445486824030e+00 1.424336083227887817e+23 3.003900183428204656e+08 4.368106884906553522e-01
2.846303777392370282e+00 1.456209506051830139e+23 2.937303044006478190e+08 4.373867832235038833e-01
2.846303777392370282e+00 1.456209506051830474e+23 2.937303044006478786e+08 4.373867832235039943e-01
2.907665587736935731e+00 1.482258958629294047e+23 2.888384588151218891e+08 4.378331092421182680e-01
2.907665587736935731e+00 1.482258958629293879e+23 2.888384588151218295e+08 4.378331092421181570e-01
3.082117343991915170e+00 1.556136787972875795e+23 2.749628875744103193e+08 4.390990095335299270e-01
3.082117343991915170e+00 1.556136787972875795e+23 2.749628875744103193e+08 4.390990095335298715e-01
3.103183377739192839e+00 1.566356495473408716e+23 2.730417026618002653e+08 4.392741936250739165e-01
3.103183377739192839e+00 1.566356495473408045e+23 2.730417026618002653e+08 4.392741936250738610e-01
3.115929576939576506e+00 1.575264668825842226e+23 2.716588651857495904e+08 4.394129474909330146e-01
3.115929576939576506e+00 1.575264668825842897e+23 2.716588651857496500e+08 4.394129474909331812e-01
3.223586028693195438e+00 1.662274154121042057e+23 2.581475501774391532e+08 4.407682819660370122e-01
3.223586028693195438e+00 1.662274154121041721e+23 2.581475501774392128e+08 4.407682819660369566e-01
3.311261189223674961e+00 1.733169672348703979e+23 2.471339545723243356e+08 4.418728374219423327e-01
3.311261189223674961e+00 1.733169672348704650e+23 2.471339545723243952e+08 4.418728374219423882e-01
3.343623655802490546e+00 1.759271825415377361e+23 2.430777199425660968e+08 4.422795755033374077e-01
3.343623655802490546e+00 1.759271825415376690e+23 2.430777199425660670e+08 4.422795755033373521e-01
3.459204103402967689e+00 1.880093115036742850e+23 2.283294681841024458e+08 4.439482422435982456e-01
3.459204103402967689e+00 1.880093115036742850e+23 2.283294681841024756e+08 4.439482422435983011e-01
3.492119241080418934e+00 1.914659933542037387e+23 2.241076312481840253e+08 4.444257777399476250e-01
3.492119241080418934e+00 1.914659933542037387e+23 2.241076312481840253e+08 4.444257777399476805e-01
3.566890782980546515e+00 2.002452243638601101e+23 2.135240371002003551e+08 4.456307335799715164e-01
3.566890782980546515e+00 2.002452243638600765e+23 2.135240371002003551e+08 4.456307335799714608e-01
3.638249994340199578e+00 2.106700742533546456e+23 2.038919718701372147e+08 4.468835364791645670e-01
3.638249994340199578e+00 2.106700742533546791e+23 2.038919718701372445e+08 4.468835364791645670e-01
3.776436869363478444e+00 2.328001002012083287e+23 1.837719002999902368e+08 4.495206862486233468e-01
3.776436869363478444e+00 2.328001002012083623e+23 1.837719002999902666e+08 4.495206862486233468e-01
3.782371881312120099e+00 2.337503812310709851e+23 1.829078958442476690e+08 4.496339297412810798e-01
3.782371881312120099e+00 2.337503812310710186e+23 1.829078958442476988e+08 4.496339297412811353e-01
3.891185940656060271e+00 2.555977577662072918e+23 1.684671539440238178e+08 4.518542219328731124e-01
3.891185940656060271e+00 2.555977577662072582e+23 1.684671539440238178e+08 4.518542219328730569e-01
4.000000000000000000e+00 2.773847847980407424e+23 1.540590190570340157e+08 4.540689537206937243e-01
4.000000000000000000e+00 3.286813725133638572e-36 1.916998408045335978e-69 4.540689537206936688e-01
4.140577410380773316e+00 5.013180652326519695e-36 1.426128279428366370e-69 4.633475617069077179e-01
4.140577410380773316e+00 5.013180652326519695e-36 1.426128279428366370e-69 4.633475617069076624e-01
4.179559805521242843e+00 5.492967115550226402e-36 1.289937739836016560e-69 4.659240062735358623e-01
4.179559805521242843e+00 5.492967115550226402e-36 1.289937739836016560e-69 4.659240062735358068e-01
4.281154820761549296e+00 6.746122336047857580e-36 9.346817719816883504e-70 4.726483711247251862e-01
4.281154820761549296e+00 6.746122336047860253e-36 9.346817719816896373e-70 4.726483711247251307e-01
4.348150920297743305e+00 7.956827030748781553e-36 8.075843720316507390e-70 4.766709526936618868e-01
4.348150920297743305e+00 7.956827030748780216e-36 8.075843720316507390e-70 4.766709526936618868e-01
4.348916359295324163e+00 7.973516937540887158e-36 8.063409711769808901e-70 4.767171935168421637e-01
4.348916359295324163e+00 7.973516937540888495e-36 8.063409711769808901e-70 4.767171935168421637e-01
4.476610716569227932e+00 1.075436169908449080e-35 5.999345569724605596e-70 4.844081746850404935e-01
4.476610716569227932e+00 1.075436169908449347e-35 5.999345569724606883e-70 4.844081746850404935e-01
4.531067584047854702e+00 1.209583460754675559e-35 5.217869864050811230e-70 4.877312322357617580e-01
4.531067584047854702e+00 1.209583460754675291e-35 5.217869864050809943e-70 4.877312322357617580e-01
4.573774792280500989e+00 1.337329440369918412e-35 4.789161388137114181e-70 4.901255795956722672e-01
4.573774792280500989e+00 1.337329440369918679e-35 4.789161388137114181e-70 4.901255795956721562e-01
4.629297642468070073e+00 1.523502236502489743e-35 4.298036769175900771e-70 4.932139614739035061e-01
4.629297642468070073e+00 1.523502236502489743e-35 4.298036769175900771e-70 4.932139614739035061e-01
4.675217905596865897e+00 1.677500774024883502e-35 3.892289855987106642e-70 4.957671493841157018e-01
4.675217905596865897e+00 1.677500774024883235e-35 3.892289855987105999e-70 4.957671493841157018e-01
4.734179703142521234e+00 1.875247230728566488e-35 3.371504982444727546e-70 4.990448175803313680e-01
4.734179703142521234e+00 1.875247230728566756e-35 3.371504982444728189e-70 4.990448175803314235e-01
4.794182099600350355e+00 2.129662262378638298e-35 2.996266965163630000e-70 5.022107535542537082e-01
4.794182099600350355e+00 2.129662262378637496e-35 2.996266965163628714e-70 5.022107535542534862e-01
4.807781965987939721e+00 2.191998634986579285e-35 2.916696704863347610e-70 5.029336419108120237e-01
4.807781965987939721e+00 2.191998634986579820e-35 2.916696704863348253e-70 5.029336419108121348e-01
4.873412680544055853e+00 2.492586671807774536e-35 2.533361695518008850e-70 5.064178732967321572e-01
4.873412680544055853e+00 2.492586671807774536e-35 2.533361695518008850e-70 5.064178732967320462e-01
4.876183917468278395e+00 2.505276328528478926e-35 2.517179723250628116e-70 5.065649588843569306e-01
4.876183917468278395e+00 2.505276328528477857e-35 2.517179723250626185e-70 5.065649588843568196e-01
4.880368260067576180e+00 2.528087472796310005e-35 2.499071083578615442e-70 5.067737372185034950e-01
4.880368260067576180e+00 2.528087472796310005e-35 2.499071083578615442e-70 5.067737372185036060e-01
4.938091958734140086e+00 2.842735370393892951e-35 2.249317779304928877e-70 5.096533857705741744e-01
4.938091958734140086e+00 2.842735370393892951e-35 2.249317779304929199e-70 5.096533857705741744e-01
5.000000000000000000e+00 3.180620509294050198e-35 1.981002232730682680e-70 5.127463402238658929e-01
