# distance (nm) n p phi
0.000000000000000000e+00 4.156218373928549648e-01 4.991699940612418324e+26 -9.641502574479874355e-01
1.286863423863435774e-01 4.218698400117106284e-01 4.985153860491360560e+26 -9.637826997928409245e-01
1.286863423863435774e-01 4.218698400117105729e-01 4.985153860491359873e+26 -9.637826997928408135e-01
6.515583209491780936e-01 4.469925068378500232e-01 4.958817610669484640e+26 -9.623039642020293494e-01
6.515583209491780936e-01 4.469925068378499677e-01 4.958817610669483265e+26 -9.623039642020291273e-01
1.000000000000000000e+00 4.640352785318161977e-01 4.940969020601652765e+26 -9.613017663694286563e-01
1.000000000000000000e+00 4.640352785318162532e-01 4.940969020601654139e+26 -9.613017663694288784e-01
1.128686342386343577e+00 4.810523849105861616e-01 4.926202410369892497e+26 -9.604678362834855321e-01
1.128686342386343577e+00 4.810523849105861061e-01 4.926202410369891123e+26 -9.604678362834853100e-01
1.651558320949177761e+00 5.494801219829039685e-01 4.866691775653117166e+26 -9.571072584945577999e-01
1.651558320949177761e+00 5.494801219829038574e-01 4.866691775653116479e+26 -9.571072584945577999e-01
2.000000000000000000e+00 5.955349883736430483e-01 4.826753568117485101e+26 -9.548517406554839493e-01
2.000000000000000000e+00 5.955349883736430483e-01 4.826753568117485101e+26 -9.548517406554839493e-01
2.128686342386343355e+00 6.937990440855822394e-01 4.779042445751816308e+26 -9.521094211147663744e-01
2.128686342386343355e+00 6.937990440855823504e-01 4.779042445751816308e+26 -9.521094211147662634e-01
2.651558320949178427e+00 1.087810049139302793e+00 4.586476337012870679e+26 -9.410433958123520792e-01
2.651558320949178427e+00 1.087810049139303015e+00 4.586476337012871366e+26 -9.410433958123523013e-01
3.000000000000000000e+00 1.354031276593081756e+00 4.457284956977414778e+26 -9.336176600499410672e-01
3.000000000000000000e+00 1.354031276593081978e+00 4.457284956977416152e+26 -9.336176600499411782e-01
3.128686342386343799e+00 6.120513331414974445e+00 4.277996342450110053e+26 -9.225042473405575816e-01
3.128686342386343799e+00 6.120513331414975333e+00 4.277996342450108679e+26 -9.225042473405574706e-01
3.651558320949178427e+00 2.450265845846147883e+01 3.557795788723662580e+26 -8.779140558158977647e-01
3.651558320949178427e+00 2.450265845846147172e+01 3.557795788723661206e+26 -8.779140558158976537e-01
4.000000000000000000e+00 3.719609287039389045e+01 3.074595007046870303e+26 -8.479715069686657447e-01
4.000000000000000000e+00 3.719609287039389756e+01 3.074595007046870646e+26 -8.479715069686657447e-01
4.128686342386343355e+00 1.067025065464341454e+07 2.681198795094049965e+26 -7.994491086897531629e-01
4.128686342386343355e+00 1.067025065464341827e+07 2.681198795094049621e+26 -7.994491086897529408e-01
4.651558320949177983e+00 5.060648857839621603e+07 1.072676647477396859e+26 -6.027212640518332387e-01
4.651558320949177983e+00 5.060648857839620113e+07 1.072676647477396859e+26 -6.027212640518331277e-01
5.000000000000000000e+00 7.888391619384919107e+07 5.350514378763188851e+23 -4.713874188242230256e-01
5.000000000000000000e+00 7.888391619384919107e+07 5.350514378763188851e+23 -4.713874188242230256e-01
5.051474536954537520e+00 4.142659944931080627e+10 4.695717294184586564e+23 -4.438995056984360588e-01
5.051474536954537520e+00 4.142659944931081390e+10 4.695717294184587235e+23 -4.438995056984361143e-01
5.260623328379671726e+00 1.953357341688731079e+11 1.812147608446303501e+23 -3.322860699289209574e-01
5.260623328379671726e+00 1.953357341688730774e+11 1.812147608446304172e+23 -3.322860699289209574e-01
5.400000000000000355e+00 3.027574908218861694e+11 1.414982843193848791e+20 -2.580364169736240609e-01
5.400000000000000355e+00 3.027574908218862305e+11 1.414982843193848791e+20 -2.580364169736240609e-01
5.451474536954537875e+00 3.201613585486576562e+13 1.243841688515712451e+20 -2.359347666228159279e-01
5.451474536954537875e+00 3.201613585486575391e+13 1.243841688515712287e+20 -2.359347666228159002e-01
5.660623328379671193e+00 1.511365009253680938e+14 4.847891081776893952e+19 -1.460102722357291549e-01
5.660623328379671193e+00 1.511365009253681250e+14 4.847891081776894771e+19 -1.460102722357291272e-01
5.799999999999999822e+00 2.332507157609376875e+14 1.836142600606950080e+17 -8.619642367980941133e-02
5.799999999999999822e+00 2.332507157609377188e+14 1.836142600606949760e+17 -8.619642367980939746e-02
5.851474536954537342e+00 6.073282601051724000e+15 1.614159106673243520e+17 -6.883096713773188824e-02
5.851474536954537342e+00 6.073282601051724000e+15 1.614159106673243520e+17 -6.883096713773190212e-02
6.060623328379671548e+00 2.829488918128199200e+16 6.384096881426243200e+16 1.901533754244868341e-03
6.060623328379671548e+00 2.829488918128198800e+16 6.384096881426244800e+16 1.901533754244850993e-03
6.200000000000000178e+00 4.347572575500344800e+16 9.848726165324655000e+14 4.895679244324636914e-02
6.200000000000000178e+00 4.347572575500344800e+16 9.848726165324656250e+14 4.895679244324637608e-02
6.251474536954538586e+00 3.742762662230637440e+17 8.662758711611740000e+14 6.242683106639287938e-02
6.251474536954538586e+00 3.742762662230636800e+17 8.662758711611737500e+14 6.242683106639287938e-02
6.460623328379670127e+00 1.649170898213960704e+18 3.515627517976854375e+14 1.173282315208560717e-01
6.460623328379670127e+00 1.649170898213960704e+18 3.515627517976852500e+14 1.173282315208560717e-01
6.599999999999999645e+00 2.514598836689094656e+18 1.702485586365399219e+13 1.538577433733092636e-01
6.599999999999999645e+00 2.514598836689094656e+18 1.702485586365399219e+13 1.538577433733092914e-01
6.651474536954538053e+00 9.752500445146550272e+18 1.501330373377935156e+13 1.642155336652415254e-01
6.651474536954538053e+00 9.752500445146550272e+18 1.501330373377935352e+13 1.642155336652415254e-01
6.860623328379669594e+00 3.796140246487692902e+19 6.390171241347303711e+12 2.064484107128851109e-01
6.860623328379669594e+00 3.796140246487692083e+19 6.390171241347300781e+12 2.064484107128851109e-01
7.000000000000000000e+00 5.702284948269412352e+19 7.506774855378771973e+11 2.345520333166042914e-01
7.000000000000000000e+00 5.702284948269412352e+19 7.506774855378770752e+11 2.345520333166042637e-01
7.051474536954536632e+00 1.309231271967331451e+20 6.658085920586088867e+11 2.424548325698227536e-01
7.051474536954536632e+00 1.309231271967332106e+20 6.658085920586090088e+11 2.424548325698227536e-01
7.260623328379669950e+00 4.216321215667909427e+20 3.057987833830114136e+11 2.746853656720655845e-01
7.260623328379669950e+00 4.216321215667908116e+20 3.057987833830112915e+11 2.746853656720654735e-01
7.400000000000000355e+00 6.174143710781498982e+20 6.932560441620632935e+10 2.961347011083793057e-01
7.400000000000000355e+00 6.174143710781498982e+20 6.932560441620632935e+10 2.961347011083792502e-01
7.451474536954538763e+00 1.026546558983460094e+21 6.207138492013562775e+10 3.021074825802449459e-01
7.451474536954538763e+00 1.026546558983459963e+21 6.207138492013562012e+10 3.021074825802449459e-01
7.660623328379673858e+00 2.648065312016951673e+21 3.155728044407137680e+10 3.264703365512022226e-01
7.660623328379673858e+00 2.648065312016951673e+21 3.155728044407137680e+10 3.264703365512021671e-01
7.800000000000001599e+00 3.737411983212790415e+21 1.145189598768060684e+10 3.426847233956640260e-01
7.800000000000001599e+00 3.737411983212789891e+21 1.145189598768060684e+10 3.426847233956640260e-01
7.851474536954539118e+00 5.115755366308816880e+21 1.038649934222167778e+10 3.471343687262405386e-01
7.851474536954539118e+00 5.115755366308816880e+21 1.038649934222167778e+10 3.471343687262404831e-01
8.060623328379669772e+00 1.061067181475921238e+22 5.933985670843249321e+09 3.652862606584283411e-01
8.060623328379669772e+00 1.061067181475921029e+22 5.933985670843248367e+09 3.652862606584282301e-01
8.199999999999999289e+00 1.429558562362572669e+22 2.993800667997348785e+09 3.773676887955907389e-01
8.199999999999999289e+00 1.429558562362572879e+22 2.993800667997349262e+09 3.773676887955907389e-01
8.251474536954535921e+00 1.736707715431710222e+22 2.758037510600687027e+09 3.806018586714816632e-01
8.251474536954535921e+00 1.736707715431710222e+22 2.758037510600687027e+09 3.806018586714817742e-01
8.460623328379668351e+00 2.966700799889248774e+22 1.777488631728753090e+09 3.937964949910885415e-01
8.460623328379668351e+00 2.966700799889247935e+22 1.777488631728752613e+09 3.937964949910884305e-01
8.599999999999999645e+00 3.790510592843407006e+22 1.128979355095887899e+09 4.025790939484474307e-01
8.599999999999999645e+00 3.790510592843407845e+22 1.128979355095888138e+09 4.025790939484474307e-01
8.651474536954538053e+00 4.266361119224675434e+22 1.058593755001377463e+09 4.048237363652325005e-01
8.651474536954538053e+00 4.266361119224676273e+22 1.058593755001377583e+09 4.048237363652326115e-01
8.860623328379670482e+00 6.178319975616266791e+22 7.668673917800846100e+08 4.139822849353517187e-01
8.860623328379670482e+00 6.178319975616265113e+22 7.668673917800843716e+08 4.139822849353516077e-01
9.000000000000000000e+00 7.457897001421911569e+22 5.737165575945432186e+08 4.200790463369083461e-01
9.000000000000000000e+00 7.457897001421910730e+22 5.737165575945433378e+08 4.200790463369083461e-01
9.051474536954538408e+00 7.971005842794717433e+22 5.484310964851354361e+08 4.214923784495437364e-01
9.051474536954538408e+00 7.971005842794719111e+22 5.484310964851355553e+08 4.214923784495439030e-01
9.260623328379670838e+00 1.003770098563375128e+23 4.438666919682569504e+08 4.272600772934745939e-01
9.260623328379670838e+00 1.003770098563374792e+23 4.438666919682568312e+08 4.272600772934744828e-01
9.400000000000000355e+00 1.142043627099368939e+23 3.745801502386635542e+08 4.311004470160862412e-01
9.400000000000000355e+00 1.142043627099368939e+23 3.745801502386635542e+08 4.311004470160862412e-01
9.451474536954538763e+00 1.175784329706407335e+23 3.657208847871505618e+08 4.317828906959259028e-01
9.451474536954538763e+00 1.175784329706407671e+23 3.657208847871506214e+08 4.317828906959259028e-01
9.660623328379671193e+00 1.311947249631159984e+23 3.291191732690798044e+08 4.345693924232150174e-01
9.660623328379671193e+00 1.311947249631159648e+23 3.291191732690798044e+08 4.345693924232149064e-01
9.800000000000000711e+00 1.403096234908850953e+23 3.048438806254776716e+08 4.364260814650771092e-01
9.800000000000000711e+00 1.403096234908850953e+23 3.048438806254776716e+08 4.364260814650771092e-01
9.851474536954539118e+00 1.403114286245679056e+23 3.048400196694805622e+08 4.364264114578088605e-01
9.851474536954539118e+00 1.403114286245678720e+23 3.048400196694805622e+08 4.364264114578088050e-01
1.006062332837967155e+01 1.403350878774426956e+23 3.047882769452637434e+08 4.364307864598063746e-01
1.006062332837967155e+01 1.403350878774426788e+23 3.047882769452637434e+08 4.364307864598063746e-01
1.019999999999999929e+01 1.403655610930822916e+23 3.047222655802719593e+08 4.364363949467052750e-01
1.019999999999999929e+01 1.403655610930823420e+23 3.047222655802720189e+08 4.364363949467053860e-01
1.025147453695453592e+01 1.369941726992259833e+23 3.135709347488654852e+08 4.357546283100161566e-01
1.025147453695453592e+01 1.369941726992260001e+23 3.135709347488654852e+08 4.357546283100162676e-01
1.046062332837967013e+01 1.234131042213545975e+23 3.500300959902980328e+08 4.329771246032673160e-01
1.046062332837967013e+01 1.234131042213545640e+23 3.500300959902979136e+08 4.329771246032672050e-01
1.059999999999999964e+01 1.143435714734305879e+23 3.741237013698751926e+08 4.311319635105973491e-01
1.059999999999999964e+01 1.143435714734305879e+23 3.741237013698751926e+08 4.311319635105973491e-01
1.065147453695453628e+01 1.092130991602250453e+23 3.993851894867576361e+08 4.297193752956973145e-01
1.065147453695453628e+01 1.092130991602250285e+23 3.993851894867576361e+08 4.297193752956973145e-01
1.086062332837967048e+01 8.855392327644356175e+22 5.036281460853761435e+08 4.239614818946008667e-01
1.086062332837967048e+01 8.855392327644354498e+22 5.036281460853760242e+08 4.239614818946007557e-01
1.100000000000000000e+01 7.473645862236498952e+22 5.725067569088265896e+08 4.201336117320380037e-01
1.100000000000000000e+01 7.473645862236498113e+22 5.725067569088264704e+08 4.201336117320379482e-01
1.105147453695453663e+01 6.997679013259351844e+22 6.428164728087074757e+08 4.178898711690546275e-01
1.105147453695453663e+01 6.997679013259352683e+22 6.428164728087075949e+08 4.178898711690546830e-01
1.126062332837967084e+01 5.084098303028299930e+22 9.335473046302419901e+08 4.087426530586314444e-01
1.126062332837967084e+01 5.084098303028298252e+22 9.335473046302418709e+08 4.087426530586313334e-01
1.140000000000000036e+01 3.802403170214415329e+22 1.125446315103795052e+09 4.026601101299809859e-01
1.140000000000000036e+01 3.802403170214415329e+22 1.125446315103795052e+09 4.026601101299809304e-01
1.145147453695453876e+01 3.495076742664294079e+22 1.360884575562828779e+09 3.994271433407190486e-01
1.145147453695453876e+01 3.495076742664294498e+22 1.360884575562829018e+09 3.994271433407191041e-01
1.166062332837967119e+01 2.262698855256818503e+22 2.337338701196784019e+09 3.862462500728507386e-01
1.166062332837967119e+01 2.262698855256818083e+22 2.337338701196783543e+09 3.862462500728506276e-01
1.180000000000000071e+01 1.435801846689982054e+22 2.980775396520616531e+09 3.774803839737253530e-01
1.180000000000000071e+01 1.435801846689982054e+22 2.980775396520616531e+09 3.774803839737253530e-01
1.185147453695453912e+01 1.297832718374617376e+22 4.044203019767662048e+09 3.730324335911644473e-01
1.185147453695453912e+01 1.297832718374617167e+22 4.044203019767662048e+09 3.730324335911643918e-01
1.206062332837967155e+01 7.466231436230625591e+21 8.473253488944901466e+09 3.548976559014713761e-01
1.206062332837967155e+01 7.466231436230625591e+21 8.473253488944900513e+09 3.548976559014713761e-01
1.219999999999999929e+01 3.759357653765373559e+21 1.138499954642498207e+10 3.428361335393153020e-01
1.219999999999999929e+01 3.759357653765374607e+21 1.138499954642498398e+10 3.428361335393153575e-01
1.225147453695453592e+01 3.349600993085395304e+21 1.862088318886920166e+10 3.368657444225700570e-01
1.225147453695453592e+01 3.349600993085395304e+21 1.862088318886919785e+10 3.368657444225701125e-01
1.246062332837967013e+01 1.720726939091163939e+21 4.893081312245831299e+10 3.125240858239762276e-01
1.246062332837967013e+01 1.720726939091163677e+21 4.893081312245830536e+10 3.125240858239761721e-01
1.259999999999999964e+01 6.221618901850589757e+20 6.879615322710192871e+10 2.963328169765100384e-01
1.259999999999999964e+01 6.221618901850589757e+20 6.879615322710192871e+10 2.963328169765100384e-01
1.265147453695453628e+01 5.480921047461063557e+20 1.533749205135388794e+11 2.884331466264326571e-01
1.265147453695453628e+01 5.480921047461062902e+20 1.533749205135388489e+11 2.884331466264326571e-01
1.286062332837967048e+01 2.555696495944008991e+20 5.103697990468056641e+11 2.562272328105562047e-01
1.286062332837967048e+01 2.555696495944008663e+20 5.103697990468056030e+11 2.562272328105561492e-01
1.300000000000000000e+01 5.757717847793401037e+19 7.434421275132336426e+11 2.348022885407186622e-01
1.300000000000000000e+01 5.757717847793400218e+19 7.434421275132336426e+11 2.348022885407186622e-01
1.305147453695453663e+01 5.031544384164048077e+19 2.746484017283104980e+12 2.244473969373660671e-01
1.305147453695453663e+01 5.031544384164048896e+19 2.746484017283103027e+12 2.244473969373660671e-01
1.326062332837967084e+01 2.187569764044803277e+19 1.128446854310287891e+13 1.822364713956102222e-01
1.326062332837967084e+01 2.187569764044803277e+19 1.128446854310287891e+13 1.822364713956101667e-01
1.340000000000000036e+01 2.543206939023138304e+18 1.683303005676790039e+13 1.541504639957161915e-01
1.340000000000000036e+01 2.543206939023137792e+18 1.683303005676790039e+13 1.541504639957161915e-01
1.345147453695453521e+01 2.211009650546828544e+18 1.350298733753819375e+14 1.406777401259382554e-01
1.345147453695453521e+01 2.211009650546828032e+18 1.350298733753818281e+14 1.406777401259382831e-01
1.366062332837967119e+01 9.234860059830785280e+17 6.449498195892267500e+14 8.576979408816524930e-02
1.366062332837967119e+01 9.234860059830784000e+17 6.449498195892266250e+14 8.576979408816523542e-02
1.380000000000000071e+01 4.392659891425673600e+16 9.747291901158146250e+14 4.922400491639754988e-02
1.380000000000000071e+01 4.392659891425673600e+16 9.747291901158146250e+14 4.922400491639754988e-02
1.385147453695453912e+01 3.806642829635520000e+16 2.330641802525720400e+16 3.182750830565595629e-02
1.385147453695453912e+01 3.806642829635520800e+16 2.330641802525726400e+16 3.182750830565594935e-02
1.406062332837967332e+01 1.563458338085337200e+16 1.209240799563946080e+17 -3.903678831866484733e-02
1.406062332837967332e+01 1.563458338085336200e+16 1.209240799563945760e+17 -3.903678831866485427e-02
1.419999999999999929e+01 2.329324844002057500e+14 1.838498385458915200e+17 -8.623061746410556894e-02
1.419999999999999929e+01 2.329324844002058438e+14 1.838498385458915200e+17 -8.623061746410556894e-02
1.425147453695453414e+01 2.014050549719416875e+14 1.819625219730385101e+19 -1.084825097631509361e-01
1.425147453695453414e+01 2.014050549719416250e+14 1.819625219730381824e+19 -1.084825097631509638e-01
1.446062332837967190e+01 8.232357239172450000e+13 9.777947603046721126e+19 -1.990405937534844294e-01
1.446062332837967190e+01 8.232357239172448438e+13 9.777947603046717850e+19 -1.990405937534844016e-01
1.459999999999999964e+01 2.870380496859387207e+11 1.492154733174895084e+20 -2.594120357833645252e-01
1.459999999999999964e+01 2.870380496859386597e+11 1.492154733174895084e+20 -2.594120357833644697e-01
1.465147453695453450e+01 2.477483521153644714e+11 8.301403902429665375e+22 -2.875305499256207153e-01
1.465147453695453450e+01 2.477483521153643494e+11 8.301403902429640209e+22 -2.875305499256207153e-01
1.486062332837967226e+01 1.009360596492905426e+11 4.563130848971503614e+23 -4.020802758278653743e-01
1.486062332837967226e+01 1.009360596492905273e+11 4.563130848971502943e+23 -4.020802758278652633e-01
1.500000000000000178e+01 6.025081146588105708e+07 6.961827686585356654e+23 -4.783547252577676212e-01
1.500000000000000178e+01 6.025081146588107198e+07 6.961827686585357996e+23 -4.783547252577677877e-01
1.512868634238634158e+01 5.186279010880098492e+07 3.869398481972072080e+25 -5.251919553453168188e-01
1.512868634238634158e+01 5.186279010880095512e+07 3.869398481972071221e+25 -5.251919553453165967e-01
1.565155832094917443e+01 2.120763028064039350e+07 1.943694543061680977e+26 -7.149528212821170126e-01
1.565155832094917443e+01 2.120763028064039722e+07 1.943694543061680633e+26 -7.149528212821170126e-01
1.600000000000000000e+01 4.757691184494845515e+01 2.979150268719335364e+26 -8.416088475415071102e-01
1.600000000000000000e+01 4.757691184494845515e+01 2.979150268719336051e+26 -8.416088475415074432e-01
1.612868634238634513e+01 4.132268692312290170e+01 3.166276036774836819e+26 -8.532911746052084245e-01
1.612868634238634513e+01 4.132268692312290170e+01 3.166276036774836132e+26 -8.532911746052083135e-01
1.665155832094917798e+01 1.755214555163427192e+01 3.919793702727325055e+26 -9.002464092239857996e-01
1.665155832094917798e+01 1.755214555163426482e+01 3.919793702727324368e+26 -9.002464092239856885e-01
1.700000000000000000e+01 1.459968066246243534e+00 4.423924637793456589e+26 -9.316710979788856983e-01
1.700000000000000000e+01 1.459968066246243534e+00 4.423924637793457276e+26 -9.316710979788856983e-01
1.712868634238634158e+01 1.346364246673701359e+00 4.475475259592574904e+26 -9.346401443428681288e-01
1.712868634238634158e+01 1.346364246673701137e+00 4.475475259592574216e+26 -9.346401443428680178e-01
1.765155832094917798e+01 9.027941281773140814e-01 4.681030796178604250e+26 -9.464714826766695843e-01
1.765155832094917798e+01 9.027941281773138593e-01 4.681030796178603563e+26 -9.464714826766693623e-01
1.800000000000000000e+01 6.069460173735804487e-01 4.818104800937973795e+26 -9.543612067312662317e-01
1.800000000000000000e+01 6.069460173735804487e-01 4.818104800937975169e+26 -9.543612067312665648e-01
1.812868634238634513e+01 5.884395207797528116e-01 4.833857932386847497e+26 -9.552513722172716326e-01
1.812868634238634513e+01 5.884395207797524785e-01 4.833857932386846810e+26 -9.552513722172712995e-01
1.865155832094917798e+01 5.156338787697855031e-01 4.896305407905169080e+26 -9.587792824495845467e-01
1.865155832094917798e+01 5.156338787697853920e-01 4.896305407905167706e+26 -9.587792824495844357e-01
1.900000000000000000e+01 4.670997881800557083e-01 4.937944285112477582e+26 -9.611316140169011701e-01
1.900000000000000000e+01 4.670997881800558749e-01 4.937944285112478956e+26 -9.611316140169015032e-01
1.912868634238634513e+01 4.602618692000529643e-01 4.945071522361846841e+26 -9.615318657746672049e-01
1.912868634238634513e+01 4.602618692000528533e-01 4.945071522361845467e+26 -9.615318657746669828e-01
1.965155832094917443e+01 4.334437611483054065e-01 4.973082386508195081e+26 -9.631048028299977748e-01
1.965155832094917443e+01 4.334437611483052954e-01 4.973082386508194394e+26 -9.631048028299975527e-01
2.000000000000000000e+01 4.156218373928548537e-01 4.991699940612417637e+26 -9.641502574479874355e-01
