5.000000000000000000e+00 1.030381685008104439e-04
1.000000000000000000e+01 2.062895293063853053e-04
1.500000000000000000e+01 3.097069561595670829e-04
2.000000000000000000e+01 4.132651948909971205e-04
2.500000000000000000e+01 5.169623468845985616e-04
3.000000000000000000e+01 6.207773936383715555e-04
3.500000000000000000e+01 7.247186267650420569e-04
4.000000000000000000e+01 8.287915297085171216e-04
4.500000000000000000e+01 9.329342248647883116e-04
5.000000000000000000e+01 1.037224664714890554e-03
