5.000000000000000000e+00 1.048961142907416317e-04
1.000000000000000000e+01 2.100499108997482564e-04
1.500000000000000000e+01 3.154097957470045326e-04
2.000000000000000000e+01 4.209823066262527382e-04
2.500000000000000000e+01 5.266975777770855228e-04
3.000000000000000000e+01 6.325639101523670418e-04
3.500000000000000000e+01 7.386031496804095625e-04
4.000000000000000000e+01 8.447890496699318828e-04
4.500000000000000000e+01 9.510930208481305909e-04
5.000000000000000000e+01 1.057541862703886577e-03
