5.000000000000000000e+00 5.131566691378309369e-04
1.000000000000000000e+01 1.025773901785609517e-03
1.500000000000000000e+01 1.538030051245724804e-03
2.000000000000000000e+01 2.049941223032498289e-03
2.500000000000000000e+01 2.561590123007463464e-03
3.000000000000000000e+01 3.072965569846950861e-03
3.500000000000000000e+01 3.584085522637990486e-03
4.000000000000000000e+01 4.094982850513543757e-03
4.500000000000000000e+01 4.605664266877378468e-03
5.000000000000000000e+01 5.116126410124570076e-03
