 iter # |  # nodes |  #3D elem |    dt (s) |     t (s) |   xmon_cross |   xmon_cross |   xmon_cross |   xmon_cross |      xy_ctrl |      xy_ctrl |      xy_ctrl |      xy_ctrl |      readout |      readout |      readout |      readout |         qbus |         qbus |         qbus |         qbus
        |          |           |           |           |   xmon_cross |      xy_ctrl |      readout |         qbus |   xmon_cross |      xy_ctrl |      readout |         qbus |   xmon_cross |      xy_ctrl |      readout |         qbus |   xmon_cross |      xy_ctrl |      readout |         qbus
      0 |      605 |      2395 |       2.3 |       2.3 |         +inf |         +inf |         +inf |         +inf |         +inf |         +inf |         +inf |         +inf |         +inf |         +inf |         +inf |         +inf |         +inf |         +inf |         +inf |         +inf
      1 |     4604 |     23869 |       5.0 |       7.3 | +6.86144e-14 | -4.53579e-16 | -4.64245e-15 | -6.39675e-15 | -4.53579e-16 | +1.05858e-13 | -8.61144e-18 | -2.26293e-17 | -4.64245e-15 | -8.61144e-18 | +5.21686e-14 | -1.36174e-16 | -6.39675e-15 | -2.26293e-17 | -1.36174e-16 | +5.08047e-14
      2 |    10709 |     58595 |       6.5 |      13.8 | +1.06905e-13 | -2.71276e-16 | -3.25671e-15 | -3.23343e-15 | -2.71276e-16 | +3.25433e-14 | -7.79740e-18 | -2.06082e-17 | -3.25671e-15 | -7.79740e-18 | +8.01054e-14 | -1.06742e-16 | -3.23343e-15 | -2.06082e-17 | -1.06742e-16 | +7.84964e-14
      3 |    28152 |    161580 |      13.7 |      27.6 | +1.03354e-13 | -1.79645e-16 | -2.96526e-15 | -2.97545e-15 | -1.79645e-16 | +4.87434e-14 | -6.18032e-18 | -1.58258e-17 | -2.96526e-15 | -6.18032e-18 | +8.93684e-14 | -9.77356e-17 | -2.97545e-15 | -1.58258e-17 | -9.77356e-17 | +8.92986e-14
      4 |    62362 |    367380 |      32.8 |      60.3 | +1.00235e-13 | -1.74508e-16 | -2.94824e-15 | -2.96021e-15 | -1.74508e-16 | +5.00987e-14 | -6.06073e-18 | -1.53770e-17 | -2.94824e-15 | -6.06073e-18 | +8.67988e-14 | -9.91310e-17 | -2.96021e-15 | -1.53770e-17 | -9.91310e-17 | +8.68024e-14
      5 |   103417 |    612858 |      69.9 |     130.3 | +9.88599e-14 | -1.74249e-16 | -2.92918e-15 | -2.95052e-15 | -1.74249e-16 | +4.83791e-14 | -6.07188e-18 | -1.54491e-17 | -2.92918e-15 | -6.07188e-18 | +8.47702e-14 | -9.89519e-17 | -2.95052e-15 | -1.54491e-17 | -9.89519e-17 | +8.50898e-14
      6 |   168305 |   1002979 |     115.9 |     246.2 | +9.85190e-14 | -1.74635e-16 | -2.95292e-15 | -2.95640e-15 | -1.74635e-16 | +4.78194e-14 | -6.10786e-18 | -1.55204e-17 | -2.95292e-15 | -6.10786e-18 | +8.40430e-14 | -9.96832e-17 | -2.95640e-15 | -1.55204e-17 | -9.96832e-17 | +8.42358e-14
      7 |   276291 |   1655762 |     164.4 |     410.6 | +9.83033e-14 | -1.75923e-16 | -2.97405e-15 | -2.97080e-15 | -1.75923e-16 | +4.75929e-14 | -6.15836e-18 | -1.56220e-17 | -2.97405e-15 | -6.15836e-18 | +8.36604e-14 | -1.00615e-16 | -2.97080e-15 | -1.56220e-17 | -1.00615e-16 | +8.36688e-14
      8 |   445991 |   2682280 |     454.8 |     865.4 | +9.85382e-14 | -1.77757e-16 | -2.99469e-15 | -2.99559e-15 | -1.77757e-16 | +4.75114e-14 | -6.20749e-18 | -1.57486e-17 | -2.99469e-15 | -6.20749e-18 | +8.34827e-14 | -1.01598e-16 | -2.99559e-15 | -1.57486e-17 | -1.01598e-16 | +8.35852e-14
