 iter # |  # nodes |  #3D elem |    dt (s) |     t (s) |       mode 0
      0 |      605 |      2395 |       1.4 |       1.4 | +1.37707e+09
      1 |      807 |      3182 |       4.9 |       6.3 | +3.10514e+09
      2 |     1081 |      4372 |       8.1 |      14.5 | +3.53556e+09
      3 |     1368 |      5819 |       7.4 |      21.8 | +4.08156e+09
      4 |     1728 |      7693 |       7.7 |      29.5 | +4.42190e+09
      5 |     2143 |      9792 |       6.8 |      36.3 | +4.59363e+09
      6 |     2588 |     12160 |      10.2 |      46.5 | +4.72858e+09
      7 |     3121 |     14899 |      10.1 |      56.5 | +4.84862e+09
      8 |     3759 |     18286 |      11.5 |      68.1 | +4.97775e+09
      9 |     4495 |     22310 |      11.9 |      80.0 | +5.06374e+09
     10 |     5527 |     28044 |      11.0 |      91.0 | +5.16143e+09
     11 |     6827 |     35282 |       8.3 |      99.3 | +5.24091e+09
     12 |     8386 |     44042 |       6.8 |     106.1 | +5.31581e+09
     13 |    10780 |     57722 |       9.2 |     115.3 | +5.38714e+09
     14 |    13742 |     74772 |      11.4 |     126.8 | +5.45040e+09
     15 |    17736 |     97924 |      15.5 |     142.2 | +5.50336e+09
     16 |    23319 |    130557 |      26.0 |     168.2 | +5.55918e+09
     17 |    30532 |    172825 |      46.6 |     214.9 | +5.60180e+09
     18 |    40642 |    232265 |      63.4 |     278.2 | +5.64080e+09
     19 |    54027 |    311148 |      65.2 |     343.4 | +5.67444e+09
     20 |    71906 |    416763 |      96.6 |     440.1 | +5.70078e+09
     21 |    96486 |    562683 |     117.2 |     557.2 | +5.72449e+09

Solution completed. Time to solve: 599.8 s
