 iter # |  # nodes |  #3D elem |    dt (s) |     t (s) |       mode 0
      0 |      605 |      2395 |       1.4 |       1.4 |            -
      1 |      807 |      3182 |       4.9 |       6.3 |            -
      2 |     1081 |      4372 |       8.1 |      14.5 |            -
      3 |     1368 |      5819 |       7.4 |      21.8 |            -
      4 |     1728 |      7693 |       7.7 |      29.5 |            -
      5 |     2143 |      9792 |       6.8 |      36.3 | +3.21656e+09
      6 |     2588 |     12160 |      10.2 |      46.5 | +1.62344e+09
      7 |     3121 |     14899 |      10.1 |      56.5 | +1.31305e+09
      8 |     3759 |     18286 |      11.5 |      68.1 | +8.96184e+08
      9 |     4495 |     22310 |      11.9 |      80.0 | +6.41841e+08
     10 |     5527 |     28044 |      11.0 |      91.0 | +5.67804e+08
     11 |     6827 |     35282 |       8.3 |      99.3 | +5.12329e+08
     12 |     8386 |     44042 |       6.8 |     106.1 | +4.67191e+08
     13 |    10780 |     57722 |       9.2 |     115.3 | +4.09392e+08
     14 |    13742 |     74772 |      11.4 |     126.8 | +3.86662e+08
     15 |    17736 |     97924 |      15.5 |     142.2 | +3.41934e+08
     16 |    23319 |    130557 |      26.0 |     168.2 | +3.18269e+08
     17 |    30532 |    172825 |      46.6 |     214.9 | +2.85991e+08
     18 |    40642 |    232265 |      63.4 |     278.2 | +2.53657e+08
     19 |    54027 |    311148 |      65.2 |     343.4 | +2.24046e+08
     20 |    71906 |    416763 |      96.6 |     440.1 | +1.97420e+08
     21 |    96486 |    562683 |     117.2 |     557.2 | +1.65308e+08

Solution completed. Time to solve: 599.8 s
