 iter # |  # nodes |  #3D elem |    dt (s) |     t (s) |       mode 0
      0 |      605 |      2395 |       1.4 |       1.4 |            -
      1 |      807 |      3182 |       4.9 |       6.3 |            -
      2 |     1081 |      4372 |       8.1 |      14.5 |            -
      3 |     1368 |      5819 |       7.4 |      21.8 |            -
      4 |     1728 |      7693 |       7.7 |      29.5 |            -
      5 |     2143 |      9792 |       6.8 |      36.3 | +7.00222e-01
      6 |     2588 |     12160 |      10.2 |      46.5 | +3.43325e-01
      7 |     3121 |     14899 |      10.1 |      56.5 | +2.70810e-01
      8 |     3759 |     18286 |      11.5 |      68.1 | +1.80038e-01
      9 |     4495 |     22310 |      11.9 |      80.0 | +1.26753e-01
     10 |     5527 |     28044 |      11.0 |      91.0 | +1.10009e-01
     11 |     6827 |     35282 |       8.3 |      99.3 | +9.77558e-02
     12 |     8386 |     44042 |       6.8 |     106.1 | +8.78871e-02
     13 |    10780 |     57722 |       9.2 |     115.3 | +7.59943e-02
     14 |    13742 |     74772 |      11.4 |     126.8 | +7.09419e-02
     15 |    17736 |     97924 |      15.5 |     142.2 | +6.21319e-02
     16 |    23319 |    130557 |      26.0 |     168.2 | +5.72511e-02
     17 |    30532 |    172825 |      46.6 |     214.9 | +5.10534e-02
     18 |    40642 |    232265 |      63.4 |     278.2 | +4.49682e-02
     19 |    54027 |    311148 |      65.2 |     343.4 | +3.94833e-02
     20 |    71906 |    416763 |      96.6 |     440.1 | +3.46302e-02
     21 |    96486 |    562683 |     117.2 |     557.2 | +2.88774e-02

Solution completed. Time to solve: 599.8 s
