 iter # |  # nodes |  #3D elem |    dt (s) |     t (s) |       mode 0 |       mode 1
      0 |     1453 |      6769 |       1.2 |       1.2 |            - |            -
      1 |     1979 |      8908 |      15.9 |      17.1 |            - |            -
      2 |     2746 |     12450 |      26.0 |      43.1 |            - |            -
      3 |     3544 |     16319 |      13.4 |      56.5 |            - |            -
      4 |     4482 |     20917 |      14.2 |      70.7 |            - |            -
      5 |     5600 |     26541 |      22.0 |      92.7 | +3.61467e+08 | +1.58798e+09
      6 |     6807 |     32771 |      64.2 |     157.0 | +3.61467e+08 | +9.99968e+08
      7 |     8196 |     40037 |      55.1 |     212.1 | +3.01573e+08 | +4.41671e+08
      8 |     9478 |     47093 |      56.4 |     268.5 | +1.29270e+08 | +4.41671e+08
      9 |    10810 |     54532 |     111.9 |     380.4 | +1.31534e+08 | +3.94313e+08
     10 |    12559 |     64428 |      47.9 |     428.3 | +1.37116e+08 | +2.77300e+08
     11 |    15228 |     79349 |     145.2 |     573.5 | +1.42482e+08 | +3.58684e+08
     12 |    19062 |    101165 |     129.1 |     702.5 | +1.25969e+08 | +4.77161e+08
     13 |    24106 |    130481 |     185.0 |     887.5 | +1.94865e+08 | +5.37115e+08

Solution completed. Time to solve: 958.5 s
