 iter # |  # nodes |  #3D elem |    dt (s) |     t (s) |       mode 0 |       mode 1
      0 |     1453 |      6769 |       1.2 |       1.2 | +4.31199e+09 | +1.22806e+10
      1 |     1979 |      8908 |      15.9 |      17.1 | +4.19148e+09 | +1.30546e+10
      2 |     2746 |     12450 |      26.0 |      43.1 | +4.27163e+09 | +1.36665e+10
      3 |     3544 |     16319 |      13.4 |      56.5 | +4.55294e+09 | +1.36493e+10
      4 |     4482 |     20917 |      14.2 |      70.7 | +4.44394e+09 | +1.36966e+10
      5 |     5600 |     26541 |      22.0 |      92.7 | +4.46646e+09 | +1.38686e+10
      6 |     6807 |     32771 |      64.2 |     157.0 | +4.48172e+09 | +1.40546e+10
      7 |     8196 |     40037 |      55.1 |     212.1 | +4.57321e+09 | +1.40910e+10
      8 |     9478 |     47093 |      56.4 |     268.5 | +4.55391e+09 | +1.39062e+10
      9 |    10810 |     54532 |     111.9 |     380.4 | +4.57547e+09 | +1.40052e+10
     10 |    12559 |     64428 |      47.9 |     428.3 | +4.60357e+09 | +1.41459e+10
     11 |    15228 |     79349 |     145.2 |     573.5 | +4.62420e+09 | +1.42649e+10
     12 |    19062 |    101165 |     129.1 |     702.5 | +4.67988e+09 | +1.43833e+10
     13 |    24106 |    130481 |     185.0 |     887.5 | +4.74877e+09 | +1.44433e+10

Solution completed. Time to solve: 958.5 s
