 iter # |  # nodes |  #3D elem |    dt (s) |     t (s) |       mode 0 |       mode 1
      0 |     1453 |      6769 |       1.2 |       1.2 |            - |            -
      1 |     1979 |      8908 |      15.9 |      17.1 |            - |            -
      2 |     2746 |     12450 |      26.0 |      43.1 |            - |            -
      3 |     3544 |     16319 |      13.4 |      56.5 |            - |            -
      4 |     4482 |     20917 |      14.2 |      70.7 |            - |            -
      5 |     5600 |     26541 |      22.0 |      92.7 | +8.09294e-02 | +1.14502e-01
      6 |     6807 |     32771 |      64.2 |     157.0 | +8.06538e-02 | +7.11490e-02
      7 |     8196 |     40037 |      55.1 |     212.1 | +6.59434e-02 | +3.13443e-02
      8 |     9478 |     47093 |      56.4 |     268.5 | +2.83865e-02 | +3.17608e-02
      9 |    10810 |     54532 |     111.9 |     380.4 | +2.87476e-02 | +2.81547e-02
     10 |    12559 |     64428 |      47.9 |     428.3 | +2.97848e-02 | +1.96029e-02
     11 |    15228 |     79349 |     145.2 |     573.5 | +3.08122e-02 | +2.51446e-02
     12 |    19062 |    101165 |     129.1 |     702.5 | +2.69172e-02 | +3.31746e-02
     13 |    24106 |    130481 |     185.0 |     887.5 | +4.10349e-02 | +3.71878e-02

Solution completed. Time to solve: 958.5 s
