-0.000000000000000000e+00
-0.000000000000000000e+00
-0.000000000000000000e+00
-0.000000000000000000e+00
-0.000000000000000000e+00
-0.000000000000000000e+00
-0.000000000000000000e+00
-0.000000000000000000e+00
-0.000000000000000000e+00
-0.000000000000000000e+00
-0.000000000000000000e+00
-0.000000000000000000e+00
-0.000000000000000000e+00
-0.000000000000000000e+00
-0.000000000000000000e+00
-0.000000000000000000e+00
-0.000000000000000000e+00
-0.000000000000000000e+00
-0.000000000000000000e+00
-0.000000000000000000e+00
-0.000000000000000000e+00
-0.000000000000000000e+00
-0.000000000000000000e+00
-0.000000000000000000e+00
-0.000000000000000000e+00
-0.000000000000000000e+00
-0.000000000000000000e+00
-0.000000000000000000e+00
-0.000000000000000000e+00
-0.000000000000000000e+00
-0.000000000000000000e+00
-0.000000000000000000e+00
-0.000000000000000000e+00
-0.000000000000000000e+00
-0.000000000000000000e+00
-0.000000000000000000e+00
-0.000000000000000000e+00
-0.000000000000000000e+00
-0.000000000000000000e+00
-0.000000000000000000e+00
-0.000000000000000000e+00
-0.000000000000000000e+00
-0.000000000000000000e+00
-0.000000000000000000e+00
-0.000000000000000000e+00
-0.000000000000000000e+00
-0.000000000000000000e+00
-0.000000000000000000e+00
-0.000000000000000000e+00
-0.000000000000000000e+00
-0.000000000000000000e+00
-0.000000000000000000e+00
-0.000000000000000000e+00
-0.000000000000000000e+00
-0.000000000000000000e+00
-0.000000000000000000e+00
-0.000000000000000000e+00
-0.000000000000000000e+00
-0.000000000000000000e+00
-0.000000000000000000e+00
-0.000000000000000000e+00
0.000000000000000000e+00
5.043916178393285969e-319
3.152781239049316348e-299
1.970704066584383884e-279
1.231824926496740276e-259
7.699748913435557374e-240
4.812870080377400590e-220
3.008373217230105890e-200
1.880439168937162411e-180
1.175403187284400370e-160
7.347074425487124511e-141
4.592424386596563555e-121
2.870579570207088448e-101
1.794308708258749576e-81
1.121565754159173018e-61
7.010553619412187171e-42
4.364171335006273809e-22
1.068117746666667930e-19
1.068117746666606903e-19
2.997156804191388584e-26
2.759824065802276647e-34
2.759824065802276647e-34
2.759824065802276647e-34
2.759824065802276647e-34
2.759824065802276647e-34
2.759824065802276647e-34
2.759824065802276647e-34
2.759824065802276647e-34
2.759824065802276647e-34
2.759824065802276647e-34
2.759824065802276647e-34
2.759824065802276647e-34
2.759824065802276647e-34
2.759824065802276647e-34
2.759824065802276647e-34
2.759824065802276647e-34
2.759824065802276647e-34
2.759824065802276647e-34
2.759824065802276647e-34
2.759824065802276647e-34
2.759824065802276647e-34
2.759824065802276647e-34
2.759824065802276647e-34
2.759824065802276647e-34
2.784906735153419971e-34
2.784906735153419971e-34
2.784906735153419971e-34
2.784906735153419971e-34
2.784906735153419971e-34
2.635499933940691341e-34
3.073680794866879992e-34
3.044287236406605694e-34
3.994417331257200226e-34
1.978918113100479183e-34
3.432945383781742716e-34
3.432945383781742716e-34
3.432945383781742716e-34
3.432945383781742716e-34
3.432945383781742716e-34
3.697893173202272888e-34
3.199983705972170716e-34
2.614540724181686014e-34
2.665472913808266647e-34
1.853295661553704135e-34
2.364543691520833098e-34
2.364543691520833098e-34
2.364543691520833098e-34
2.364543691520833098e-34
2.364543691520833098e-34
2.364543691520833098e-34
2.364543691520833098e-34
2.364543691520833098e-34
2.364543691520833098e-34
1.886679816580615951e-34
1.886679816580615951e-34
1.886679816580615951e-34
1.886679816580615951e-34
1.886679816580615951e-34
1.886679816580615951e-34
1.886679816580615951e-34
1.886679816580615951e-34
1.886679816580615951e-34
1.886679816580615951e-34
1.886679816580615951e-34
1.886679816580615951e-34
1.886679816580615951e-34
1.886679816580615951e-34
1.886679816580618517e-34
2.267615600190706034e-34
2.180846162699946237e-34
2.207071455278624751e-34
1.924731803329916492e-34
2.146595275324237276e-34
2.160383090660566631e-26
9.856493283335538213e-20
9.856493283336259233e-20
5.149797681915529515e-22
1.371235476720678695e-34
1.371235476720678695e-34
1.371235476720678695e-34
1.371235476720678695e-34
1.371235476720678695e-34
1.371235476720678695e-34
1.371235476720678695e-34
1.742480430894203270e-34
1.896985605818973154e-34
3.813766769450839450e-34
1.931633237818615970e-34
7.479821088378542558e-35
3.732008492347558626e-35
7.627585924289582576e-35
1.854296038039658266e-35
4.295467628031661060e-35
2.919658712996176843e-35
2.919658712996176843e-35
2.919658712996176843e-35
2.919658712996176843e-35
2.919658712996176843e-35
2.919658712996176843e-35
2.919658712996176843e-35
2.372255710898790358e-35
5.155680277660914220e-35
3.881839377391581774e-35
4.734928132476058078e-35
2.160161911023489165e-35
1.648092580869670600e-35
-3.444079937974296049e-36
-3.444079937974296049e-36
-3.444079937974296049e-36
-3.444079937974296049e-36
-3.444079937974296049e-36
-3.444079937974296049e-36
-3.444079937974296049e-36
-3.444079937974296049e-36
-3.444079937974296049e-36
-3.444079937974296049e-36
-3.444079937974296049e-36
-3.444079937974296049e-36
-3.444079937974296049e-36
-3.444079937974296049e-36
-3.444079937974296049e-36
5.386756340311244854e-36
-1.372680042542764846e-35
7.956866636271172877e-36
-3.141492253909408563e-35
-9.281791856668735319e-36
-9.281791856668735319e-36
-9.281791856668735319e-36
-9.281791856668735319e-36
-9.281791856668735319e-36
-9.281791856668735319e-36
-9.281791856668735319e-36
-1.198918034723836625e-35
-3.766651422701144007e-35
-9.639248912470059445e-37
-1.534001924381590465e-35
9.678140712139815368e-36
-2.432725064130406993e-35
-1.526790657905912756e-35
-1.526790657905912756e-35
-1.526790657905912756e-35
-1.526790657905912756e-35
-1.526790657905912756e-35
-1.526790657905912756e-35
-1.526790657905912756e-35
-1.526790657905912756e-35
-1.526790657905912756e-35
-1.526790657905912756e-35
-1.526717458335983507e-35
1.025014893471958966e-34
1.170707928892690332e-34
-1.074262668331257442e-35
-1.538220336485697964e-34
-3.844762881057034286e-35
-3.844762881057034286e-35
-3.844762881057034286e-35
-3.844762881057034286e-35
-3.844762881057034286e-35
-3.844762881057039631e-35
9.630904645834390638e-32
9.852476411699212577e-20
9.852476572798523063e-20
9.844109964700872128e-20
-2.412258472691165300e-34
-4.306136197544274092e-34
-2.393434985548412785e-34
-7.765567164864638705e-35
-1.888839550295787434e-34
-4.982583192901934674e-35
-4.982583192901934674e-35
-4.982583192901934674e-35
-4.982583192901934674e-35
-4.982583192901934674e-35
-4.982583192901934674e-35
-4.982583192901934674e-35
-4.982583192901934674e-35
-4.982583192901934674e-35
-8.172641032066062301e-35
-8.172641032066062301e-35
-8.172641032066062301e-35
-8.172641032066062301e-35
-8.172641032066062301e-35
-6.571408560761880098e-35
-8.614456573237873499e-36
-2.985350164692732598e-35
-2.540303876958636300e-35
-4.406984432492465468e-35
-4.406984432492465468e-35
-4.406984432492465468e-35
-4.406984432492465468e-35
-4.406984432492465468e-35
-4.406984432492465468e-35
-4.406984432492465468e-35
-4.326012857263253105e-35
-7.658579240973909763e-35
-2.794258153561005007e-35
-3.052720378178511031e-35
-7.601708975564733111e-35
-7.601708975564733111e-35
-7.601708975564733111e-35
-7.601708975564733111e-35
-7.601708975564733111e-35
-7.601708975564733111e-35
-7.601708975564733111e-35
-7.601708975564733111e-35
-7.601708975564733111e-35
-7.601708975564733111e-35
-7.601708975564733111e-35
-7.601708975564733111e-35
-7.601708975564733111e-35
-7.601708975564733111e-35
-7.601708975564733111e-35
-7.601708975564733111e-35
-7.601708975564733111e-35
-7.601708975564733111e-35
-7.601708975564733111e-35
-7.601708975564733111e-35
-7.601708975564733111e-35
-7.601708975564733111e-35
-7.601708975564733111e-35
-7.601708975564733111e-35
-7.601708975564733111e-35
-7.601708975564733111e-35
-7.601708975564733111e-35
-7.601708975564733111e-35
-7.601708975564730973e-35
9.902689901063550443e-32
1.067949708056400936e-19
1.067949726427881462e-19
1.067087685321638518e-19
-0.000000000000000000e+00
-0.000000000000000000e+00
-0.000000000000000000e+00
-0.000000000000000000e+00
-0.000000000000000000e+00
-0.000000000000000000e+00
-0.000000000000000000e+00
-0.000000000000000000e+00
-0.000000000000000000e+00
-0.000000000000000000e+00
-0.000000000000000000e+00
-0.000000000000000000e+00
-0.000000000000000000e+00
-0.000000000000000000e+00
-0.000000000000000000e+00
-0.000000000000000000e+00
-0.000000000000000000e+00
-0.000000000000000000e+00
-0.000000000000000000e+00
-0.000000000000000000e+00
-0.000000000000000000e+00
-0.000000000000000000e+00
-0.000000000000000000e+00
-0.000000000000000000e+00
-0.000000000000000000e+00
-0.000000000000000000e+00
-0.000000000000000000e+00
-0.000000000000000000e+00
-0.000000000000000000e+00
-0.000000000000000000e+00
-0.000000000000000000e+00
-0.000000000000000000e+00
-0.000000000000000000e+00
-0.000000000000000000e+00
-0.000000000000000000e+00
-0.000000000000000000e+00
-0.000000000000000000e+00
-0.000000000000000000e+00
-0.000000000000000000e+00
-0.000000000000000000e+00
-0.000000000000000000e+00
-0.000000000000000000e+00
-0.000000000000000000e+00
-0.000000000000000000e+00
-0.000000000000000000e+00
-0.000000000000000000e+00
-0.000000000000000000e+00
-0.000000000000000000e+00
-0.000000000000000000e+00
-0.000000000000000000e+00
-0.000000000000000000e+00
-0.000000000000000000e+00
-0.000000000000000000e+00
-0.000000000000000000e+00
-0.000000000000000000e+00
-0.000000000000000000e+00
-0.000000000000000000e+00
-0.000000000000000000e+00
-0.000000000000000000e+00
-0.000000000000000000e+00
-0.000000000000000000e+00
-0.000000000000000000e+00
-0.000000000000000000e+00
-0.000000000000000000e+00
-0.000000000000000000e+00
-0.000000000000000000e+00
-0.000000000000000000e+00
-0.000000000000000000e+00
-0.000000000000000000e+00
-0.000000000000000000e+00
-0.000000000000000000e+00
-0.000000000000000000e+00
-0.000000000000000000e+00
-0.000000000000000000e+00
-0.000000000000000000e+00
-0.000000000000000000e+00
-0.000000000000000000e+00
-0.000000000000000000e+00
-0.000000000000000000e+00
-0.000000000000000000e+00
-0.000000000000000000e+00
-0.000000000000000000e+00
-0.000000000000000000e+00
-0.000000000000000000e+00
-0.000000000000000000e+00
-0.000000000000000000e+00
-0.000000000000000000e+00
-0.000000000000000000e+00
-0.000000000000000000e+00
