-1.000000000000000021e-03 -7.283056267503581529e-14
-9.090909090909090901e-04 -2.154997386793004694e-13
-8.181818181818181594e-04 -6.401315627162435237e-13
-7.272727272727272287e-04 -1.909013354002706462e-12
-6.363636363636362980e-04 -5.709264920022907836e-12
-5.454545454545453673e-04 -1.704078393539638344e-11
-4.545454545454545451e-04 -4.999690546782924223e-11
-3.636363636363636144e-04 -1.385760628001765933e-10
-2.727272727272726837e-04 -3.356718823625743330e-10
-1.818181818181817530e-04 -6.563085660025025760e-10
-9.090909090909082228e-05 -1.062954921278016517e-09
0.000000000000000000e+00 -1.727251106348120627e-09
9.090909090909093070e-05 -3.404460647235152368e-09
1.818181818181818614e-04 -1.504193905739595914e-09
2.727272727272727921e-04 -1.116483227100148140e-09
3.636363636363637228e-04 -9.195524998318061242e-10
4.545454545454546535e-04 -7.939924574822368163e-10
5.454545454545455842e-04 -7.045626062219129773e-10
6.363636363636365149e-04 -6.364533349440717107e-10
7.272727272727274456e-04 -5.821767417480672482e-10
8.181818181818183763e-04 -5.374811891331693283e-10
9.090909090909093070e-04 -4.997494155051055736e-10
1.000000000000000021e-03 -4.672703694796017285e-10
1.090909090909091168e-03 -4.388718723285322032e-10
1.181818181818181882e-03 -4.137201709645864034e-10
1.272727272727273030e-03 -3.912034306874872099e-10
1.363636363636363744e-03 -3.708600337443883238e-10
1.454545454545454891e-03 -3.523312134856570298e-10
1.545454545454545605e-03 -3.353250220836232061e-10
1.636363636363636753e-03 -3.195787484208460479e-10
1.727272727272727466e-03 -3.047972403260184331e-10
1.818181818181818614e-03 -2.905139708367496102e-10
1.909090909090909328e-03 -2.757443660687895506e-10
2.000000000000000042e-03 -2.581588275371068201e-10
2.090909090909091189e-03 -2.325831945869847158e-10
2.181818181818181903e-03 -1.909796265658413765e-10
2.272727272727273051e-03 -1.334854247823261663e-10
2.363636363636363764e-03 -8.839271861022433063e-11
2.454545454545454912e-03 -9.984085753865430039e-11
2.545454545454545626e-03 -2.132832039186366801e-10
2.636363636363636773e-03 -4.760845241422630968e-10
2.727272727272727487e-03 -8.907188316800687169e-10
2.818181818181818635e-03 -1.575084588180540223e-09
2.909090909090909782e-03 -3.057083250594774041e-09
3.000000000000000062e-03 -1.428463774399900950e-09
3.090909090909091210e-03 -1.075794396448434714e-09
3.181818181818182358e-03 -8.928290508819025539e-10
3.272727272727273505e-03 -7.748106867284100060e-10
3.363636363636363785e-03 -6.902008428124697869e-10
3.454545454545454933e-03 -6.255032488578681596e-10
3.545454545454546080e-03 -5.738017527603450930e-10
3.636363636363636360e-03 -5.311343537748566610e-10
3.727272727272727508e-03 -4.950483765892505931e-10
3.818181818181818656e-03 -4.639346538990096538e-10
3.909090909090909803e-03 -4.366882200316124647e-10
4.000000000000000083e-03 -4.125218922323087839e-10
4.090909090909091231e-03 -3.908575098430697809e-10
4.181818181818182378e-03 -3.712590644795195433e-10
4.272727272727273526e-03 -3.533891628778990123e-10
4.363636363636363806e-03 -3.369777560264137182e-10
4.454545454545454954e-03 -3.217939127479079306e-10
4.545454545454546101e-03 -3.076071093617515077e-10
4.636363636363637249e-03 -2.941079589052125439e-10
4.727272727272727529e-03 -2.807124392603184676e-10
4.818181818181818676e-03 -2.660654804508264298e-10
4.909090909090909824e-03 -2.469052188230143066e-10
5.000000000000000104e-03 -2.163931217387238312e-10
5.090909090909091252e-03 -1.661023676141546729e-10
5.181818181818182399e-03 -1.011624965158681736e-10
5.272727272727273547e-03 -4.739128962338215861e-11
5.363636363636363827e-03 -1.843672562859495182e-11
5.454545454545454974e-03 -6.546828369727429359e-12
5.545454545454546122e-03 -2.241652616246790254e-12
5.636363636363637269e-03 -7.575436917069739821e-13
5.727272727272727550e-03 -2.548762112858161980e-13
5.818181818181818697e-03 -8.564070861584021995e-14
5.909090909090909845e-03 -2.876948615503008589e-14
6.000000000000000992e-03 -9.666053088178855032e-15
6.090909090909091272e-03 -3.248548962225126241e-15
6.181818181818182420e-03 -1.092130696362019956e-15
6.272727272727273568e-03 -3.672947895520347089e-16
6.363636363636363848e-03 -1.235709809621345978e-16
6.454545454545454995e-03 -4.158970817228880156e-17
6.545454545454546143e-03 -1.400326674349785454e-17
6.636363636363637290e-03 -4.716871486528976654e-18
6.727272727272727570e-03 -1.589526071944207497e-18
6.818181818181819585e-03 -5.358935686575265365e-19
6.909090909090908998e-03 -1.807571796756826661e-19
7.000000000000000146e-03 -6.099974022248314719e-20
7.090909090909091293e-03 -2.059612351143193590e-20
7.181818181818182441e-03 -6.957889965151913404e-21
7.272727272727273588e-03 -2.351889850409633319e-21
7.363636363636364736e-03 -7.954328027794347028e-22
7.454545454545455883e-03 -2.691877700634727239e-22
7.545454545454547031e-03 -9.116825339094217067e-23
7.636363636363636444e-03 -3.088480845899537431e-23
7.727272727272727591e-03 -1.047429303182314087e-23
7.818181818181817871e-03 -3.557949075317175988e-24
7.909090909090910754e-03 -1.194502236865321087e-24
8.000000000000000167e-03 -4.163417027687855546e-25
